0.00 0.16 
0.01 0.16 
0.02 0.16 
0.03 0.17 
0.04 0.17 
0.05 0.17 
0.06 0.18 
0.07 0.18 
0.08 0.19 
0.09 0.19 
0.10 0.20 
0.11 0.20 
0.12 0.21 
0.13 0.21 
0.14 0.21 
0.15 0.21 
0.16 0.20 
0.17 0.20 
0.18 0.19 
0.19 0.19 
0.20 0.18 
0.21 0.16 
0.22 0.15 
0.23 0.13 
0.24 0.11 
0.25 0.10 
0.26 0.08 
0.27 0.05 
0.28 0.03 
0.29 0.01 
0.30 -0.01 
0.31 -0.04 
0.32 -0.06 
0.33 -0.08 
0.34 -0.10 
0.35 -0.12 
0.36 -0.14 
0.37 -0.16 
0.38 -0.18 
0.39 -0.19 
0.40 -0.21 
0.41 -0.22 
0.42 -0.23 
0.43 -0.24 
0.44 -0.25 
0.45 -0.26 
0.46 -0.26 
0.47 -0.27 
0.48 -0.27 
0.49 -0.27 
0.50 -0.27 
0.51 -0.26 
0.52 -0.25 
0.53 -0.24 
0.54 -0.23 
0.55 -0.22 
0.56 -0.21 
0.57 -0.20 
0.58 -0.19 
0.59 -0.18 
0.60 -0.17 
0.61 -0.16 
0.62 -0.15 
0.63 -0.14 
0.64 -0.13 
0.65 -0.12 
0.66 -0.11 
0.67 -0.10 
0.68 -0.09 
0.69 -0.08 
0.70 -0.07 
0.71 -0.06 
0.72 -0.06 
0.73 -0.05 
0.74 -0.04 
0.75 -0.03 
0.76 -0.02 
0.77 -0.01 
0.78 -0.00 
0.79 0.01 
0.80 0.01 
0.81 0.02 
0.82 0.03 
0.83 0.04 
0.84 0.05 
0.85 0.05 
0.86 0.06 
0.87 0.07 
0.88 0.08 
0.89 0.08 
0.90 0.09 
0.91 0.10 
0.92 0.11 
0.93 0.11 
0.94 0.12 
0.95 0.13 
0.96 0.13 
0.97 0.14 
0.98 0.15 
0.99 0.15 
1.00 0.16 
1.01 0.16 
1.02 0.16 
1.03 0.17 
1.04 0.17 
1.05 0.17 
1.06 0.18 
1.07 0.18 
1.08 0.19 
1.09 0.19 
1.10 0.20 
1.11 0.20 
1.12 0.21 
1.13 0.21 
1.14 0.21 
1.15 0.21 
1.16 0.20 
1.17 0.20 
1.18 0.19 
1.19 0.19 
1.20 0.18 
1.21 0.16 
1.22 0.15 
1.23 0.13 
1.24 0.11 
1.25 0.10 
1.26 0.08 
1.27 0.05 
1.28 0.03 
1.29 0.01 
1.30 -0.01 
1.31 -0.04 
1.32 -0.06 
1.33 -0.08 
1.34 -0.10 
1.35 -0.12 
1.36 -0.14 
1.37 -0.16 
1.38 -0.18 
1.39 -0.19 
1.40 -0.21 
1.41 -0.22 
1.42 -0.23 
1.43 -0.24 
1.44 -0.25 
1.45 -0.26 
1.46 -0.26 
1.47 -0.27 
1.48 -0.27 
1.49 -0.27 
1.50 -0.27 
1.51 -0.26 
1.52 -0.25 
1.53 -0.24 
1.54 -0.23 
1.55 -0.22 
1.56 -0.21 
1.57 -0.20 
1.58 -0.19 
1.59 -0.18 
1.60 -0.17 
1.61 -0.16 
1.62 -0.15 
1.63 -0.14 
1.64 -0.13 
1.65 -0.12 
1.66 -0.11 
1.67 -0.10 
1.68 -0.09 
1.69 -0.08 
1.70 -0.07 
1.71 -0.06 
1.72 -0.06 
1.73 -0.05 
1.74 -0.04 
1.75 -0.03 
1.76 -0.02 
1.77 -0.01 
1.78 -0.00 
1.79 0.01 
1.80 0.01 
1.81 0.02 
1.82 0.03 
1.83 0.04 
1.84 0.05 
1.85 0.05 
1.86 0.06 
1.87 0.07 
1.88 0.08 
1.89 0.08 
1.90 0.09 
1.91 0.10 
1.92 0.11 
1.93 0.11 
1.94 0.12 
1.95 0.13 
1.96 0.13 
1.97 0.14 
1.98 0.15 
1.99 0.15 
2.00 0.16 
2.01 0.16 
2.02 0.16 
2.03 0.17 
2.04 0.17 
2.05 0.17 
2.06 0.18 
2.07 0.18 
2.08 0.19 
2.09 0.19 
2.10 0.20 
2.11 0.20 
2.12 0.21 
2.13 0.21 
2.14 0.21 
2.15 0.21 
2.16 0.20 
2.17 0.20 
2.18 0.19 
2.19 0.19 
2.20 0.18 
2.21 0.16 
2.22 0.15 
2.23 0.13 
2.24 0.11 
2.25 0.10 
2.26 0.08 
2.27 0.05 
2.28 0.03 
2.29 0.01 
2.30 -0.01 
2.31 -0.04 
2.32 -0.06 
2.33 -0.08 
2.34 -0.10 
2.35 -0.12 
2.36 -0.14 
2.37 -0.16 
2.38 -0.18 
2.39 -0.19 
2.40 -0.21 
2.41 -0.22 
2.42 -0.23 
2.43 -0.24 
2.44 -0.25 
2.45 -0.26 
2.46 -0.26 
2.47 -0.27 
2.48 -0.27 
2.49 -0.27 
2.50 -0.27 
2.51 -0.26 
2.52 -0.25 
2.53 -0.24 
2.54 -0.23 
2.55 -0.22 
2.56 -0.21 
2.57 -0.20 
2.58 -0.19 
2.59 -0.18 
2.60 -0.17 
2.61 -0.16 
2.62 -0.15 
2.63 -0.14 
2.64 -0.13 
2.65 -0.12 
2.66 -0.11 
2.67 -0.10 
2.68 -0.09 
2.69 -0.08 
2.70 -0.07 
2.71 -0.06 
2.72 -0.06 
2.73 -0.05 
2.74 -0.04 
2.75 -0.03 
2.76 -0.02 
2.77 -0.01 
2.78 -0.00 
2.79 0.01 
2.80 0.01 
2.81 0.02 
2.82 0.03 
2.83 0.04 
2.84 0.05 
2.85 0.05 
2.86 0.06 
2.87 0.07 
2.88 0.08 
2.89 0.08 
2.90 0.09 
2.91 0.10 
2.92 0.11 
2.93 0.11 
2.94 0.12 
2.95 0.13 
2.96 0.13 
2.97 0.14 
2.98 0.15 
2.99 0.15 
3.00 0.16 
3.01 0.16 
3.02 0.16 
3.03 0.17 
3.04 0.17 
3.05 0.17 
3.06 0.18 
3.07 0.18 
3.08 0.19 
3.09 0.19 
3.10 0.20 
3.11 0.20 
3.12 0.21 
3.13 0.21 
3.14 0.21 
3.15 0.21 
3.16 0.20 
3.17 0.20 
3.18 0.19 
3.19 0.19 
3.20 0.18 
3.21 0.16 
3.22 0.15 
3.23 0.13 
3.24 0.11 
3.25 0.10 
3.26 0.08 
3.27 0.05 
3.28 0.03 
3.29 0.01 
3.30 -0.01 
3.31 -0.04 
3.32 -0.06 
3.33 -0.08 
3.34 -0.10 
3.35 -0.12 
3.36 -0.14 
3.37 -0.16 
3.38 -0.18 
3.39 -0.19 
3.40 -0.21 
3.41 -0.22 
3.42 -0.23 
3.43 -0.24 
3.44 -0.25 
3.45 -0.26 
3.46 -0.26 
3.47 -0.27 
3.48 -0.27 
3.49 -0.27 
3.50 -0.27 
3.51 -0.26 
3.52 -0.25 
3.53 -0.24 
3.54 -0.23 
3.55 -0.22 
3.56 -0.21 
3.57 -0.20 
3.58 -0.19 
3.59 -0.18 
3.60 -0.17 
3.61 -0.16 
3.62 -0.15 
3.63 -0.14 
3.64 -0.13 
3.65 -0.12 
3.66 -0.11 
3.67 -0.10 
3.68 -0.09 
3.69 -0.08 
3.70 -0.07 
3.71 -0.06 
3.72 -0.06 
3.73 -0.05 
3.74 -0.04 
3.75 -0.03 
3.76 -0.02 
3.77 -0.01 
3.78 -0.00 
3.79 0.01 
3.80 0.01 
3.81 0.02 
3.82 0.03 
3.83 0.04 
3.84 0.05 
3.85 0.05 
3.86 0.06 
3.87 0.07 
3.88 0.08 
3.89 0.08 
3.90 0.09 
3.91 0.10 
3.92 0.11 
3.93 0.11 
3.94 0.12 
3.95 0.13 
3.96 0.13 
3.97 0.14 
3.98 0.15 
3.99 0.15 
4.00 0.16 
4.01 0.16 
4.02 0.16 
4.03 0.17 
4.04 0.17 
4.05 0.17 
4.06 0.18 
4.07 0.18 
4.08 0.19 
4.09 0.19 
4.10 0.20 
4.11 0.20 
4.12 0.21 
4.13 0.21 
4.14 0.21 
4.15 0.21 
4.16 0.20 
4.17 0.20 
4.18 0.19 
4.19 0.19 
4.20 0.18 
4.21 0.16 
4.22 0.15 
4.23 0.13 
4.24 0.11 
4.25 0.10 
4.26 0.08 
4.27 0.05 
4.28 0.03 
4.29 0.01 
4.30 -0.01 
4.31 -0.04 
4.32 -0.06 
4.33 -0.08 
4.34 -0.10 
4.35 -0.12 
4.36 -0.14 
4.37 -0.16 
4.38 -0.18 
4.39 -0.19 
4.40 -0.21 
4.41 -0.22 
4.42 -0.23 
4.43 -0.24 
4.44 -0.25 
4.45 -0.26 
4.46 -0.26 
4.47 -0.27 
4.48 -0.27 
4.49 -0.27 
4.50 -0.27 
4.51 -0.26 
4.52 -0.25 
4.53 -0.24 
4.54 -0.23 
4.55 -0.22 
4.56 -0.21 
4.57 -0.20 
4.58 -0.19 
4.59 -0.18 
4.60 -0.17 
4.61 -0.16 
4.62 -0.15 
4.63 -0.14 
4.64 -0.13 
4.65 -0.12 
4.66 -0.11 
4.67 -0.10 
4.68 -0.09 
4.69 -0.08 
4.70 -0.07 
4.71 -0.06 
4.72 -0.06 
4.73 -0.05 
4.74 -0.04 
4.75 -0.03 
4.76 -0.02 
4.77 -0.01 
4.78 -0.00 
4.79 0.01 
4.80 0.01 
4.81 0.02 
4.82 0.03 
4.83 0.04 
4.84 0.05 
4.85 0.05 
4.86 0.06 
4.87 0.07 
4.88 0.08 
4.89 0.08 
4.90 0.09 
4.91 0.10 
4.92 0.11 
4.93 0.11 
4.94 0.12 
4.95 0.13 
4.96 0.13 
4.97 0.14 
4.98 0.15 
4.99 0.15 
5.00 0.16 
5.01 0.16 
5.02 0.16 
5.03 0.17 
5.04 0.17 
5.05 0.17 
5.06 0.18 
5.07 0.18 
5.08 0.19 
5.09 0.19 
5.10 0.20 
5.11 0.20 
5.12 0.21 
5.13 0.21 
5.14 0.21 
5.15 0.21 
5.16 0.20 
5.17 0.20 
5.18 0.19 
5.19 0.19 
5.20 0.18 
5.21 0.16 
5.22 0.15 
5.23 0.13 
5.24 0.11 
5.25 0.10 
5.26 0.08 
5.27 0.05 
5.28 0.03 
5.29 0.01 
5.30 -0.01 
5.31 -0.04 
5.32 -0.06 
5.33 -0.08 
5.34 -0.10 
5.35 -0.12 
5.36 -0.14 
5.37 -0.16 
5.38 -0.18 
5.39 -0.19 
5.40 -0.21 
5.41 -0.22 
5.42 -0.23 
5.43 -0.24 
5.44 -0.25 
5.45 -0.26 
5.46 -0.26 
5.47 -0.27 
5.48 -0.27 
5.49 -0.27 
5.50 -0.27 
5.51 -0.26 
5.52 -0.25 
5.53 -0.24 
5.54 -0.23 
5.55 -0.22 
5.56 -0.21 
5.57 -0.20 
5.58 -0.19 
5.59 -0.18 
5.60 -0.17 
5.61 -0.16 
5.62 -0.15 
5.63 -0.14 
5.64 -0.13 
5.65 -0.12 
5.66 -0.11 
5.67 -0.10 
5.68 -0.09 
5.69 -0.08 
5.70 -0.07 
5.71 -0.06 
5.72 -0.06 
5.73 -0.05 
5.74 -0.04 
5.75 -0.03 
5.76 -0.02 
5.77 -0.01 
5.78 -0.00 
5.79 0.01 
5.80 0.01 
5.81 0.02 
5.82 0.03 
5.83 0.04 
5.84 0.05 
5.85 0.05 
5.86 0.06 
5.87 0.07 
5.88 0.08 
5.89 0.08 
5.90 0.09 
5.91 0.10 
5.92 0.11 
5.93 0.11 
5.94 0.12 
5.95 0.13 
5.96 0.13 
5.97 0.14 
5.98 0.15 
5.99 0.15 
6.00 0.16 
6.01 0.16 
6.02 0.16 
6.03 0.17 
6.04 0.17 
6.05 0.17 
6.06 0.18 
6.07 0.18 
6.08 0.19 
6.09 0.19 
6.10 0.20 
6.11 0.20 
6.12 0.21 
6.13 0.21 
6.14 0.21 
6.15 0.21 
6.16 0.20 
6.17 0.20 
6.18 0.19 
6.19 0.19 
6.20 0.18 
6.21 0.16 
6.22 0.15 
6.23 0.13 
6.24 0.11 
6.25 0.10 
6.26 0.08 
6.27 0.05 
6.28 0.03 
6.29 0.01 
6.30 -0.01 
6.31 -0.04 
6.32 -0.06 
6.33 -0.08 
6.34 -0.10 
6.35 -0.12 
6.36 -0.14 
6.37 -0.16 
6.38 -0.18 
6.39 -0.19 
6.40 -0.21 
6.41 -0.22 
6.42 -0.23 
6.43 -0.24 
6.44 -0.25 
6.45 -0.26 
6.46 -0.26 
6.47 -0.27 
6.48 -0.27 
6.49 -0.27 
6.50 -0.27 
6.51 -0.26 
6.52 -0.25 
6.53 -0.24 
6.54 -0.23 
6.55 -0.22 
6.56 -0.21 
6.57 -0.20 
6.58 -0.19 
6.59 -0.18 
6.60 -0.17 
6.61 -0.16 
6.62 -0.15 
6.63 -0.14 
6.64 -0.13 
6.65 -0.12 
6.66 -0.11 
6.67 -0.10 
6.68 -0.09 
6.69 -0.08 
6.70 -0.07 
6.71 -0.06 
6.72 -0.06 
6.73 -0.05 
6.74 -0.04 
6.75 -0.03 
6.76 -0.02 
6.77 -0.01 
6.78 -0.00 
6.79 0.01 
6.80 0.01 
6.81 0.02 
6.82 0.03 
6.83 0.04 
6.84 0.05 
6.85 0.05 
6.86 0.06 
6.87 0.07 
6.88 0.08 
6.89 0.08 
6.90 0.09 
6.91 0.10 
6.92 0.11 
6.93 0.11 
6.94 0.12 
6.95 0.13 
6.96 0.13 
6.97 0.14 
6.98 0.15 
6.99 0.15 
7.00 0.16 
7.01 0.16 
7.02 0.16 
7.03 0.17 
7.04 0.17 
7.05 0.17 
7.06 0.18 
7.07 0.18 
7.08 0.19 
7.09 0.19 
7.10 0.20 
7.11 0.20 
7.12 0.21 
7.13 0.21 
7.14 0.21 
7.15 0.21 
7.16 0.20 
7.17 0.20 
7.18 0.19 
7.19 0.19 
7.20 0.18 
7.21 0.16 
7.22 0.15 
7.23 0.13 
7.24 0.11 
7.25 0.10 
7.26 0.08 
7.27 0.05 
7.28 0.03 
7.29 0.01 
7.30 -0.01 
7.31 -0.04 
7.32 -0.06 
7.33 -0.08 
7.34 -0.10 
7.35 -0.12 
7.36 -0.14 
7.37 -0.16 
7.38 -0.18 
7.39 -0.19 
7.40 -0.21 
7.41 -0.22 
7.42 -0.23 
7.43 -0.24 
7.44 -0.25 
7.45 -0.26 
7.46 -0.26 
7.47 -0.27 
7.48 -0.27 
7.49 -0.27 
7.50 -0.27 
7.51 -0.26 
7.52 -0.25 
7.53 -0.24 
7.54 -0.23 
7.55 -0.22 
7.56 -0.21 
7.57 -0.20 
7.58 -0.19 
7.59 -0.18 
7.60 -0.17 
7.61 -0.16 
7.62 -0.15 
7.63 -0.14 
7.64 -0.13 
7.65 -0.12 
7.66 -0.11 
7.67 -0.10 
7.68 -0.09 
7.69 -0.08 
7.70 -0.07 
7.71 -0.06 
7.72 -0.06 
7.73 -0.05 
7.74 -0.04 
7.75 -0.03 
7.76 -0.02 
7.77 -0.01 
7.78 -0.00 
7.79 0.01 
7.80 0.01 
7.81 0.02 
7.82 0.03 
7.83 0.04 
7.84 0.05 
7.85 0.05 
7.86 0.06 
7.87 0.07 
7.88 0.08 
7.89 0.08 
7.90 0.09 
7.91 0.10 
7.92 0.11 
7.93 0.11 
7.94 0.12 
7.95 0.13 
7.96 0.13 
7.97 0.14 
7.98 0.15 
7.99 0.15 
8.00 0.16 
8.01 0.16 
8.02 0.16 
8.03 0.17 
8.04 0.17 
8.05 0.17 
8.06 0.18 
8.07 0.18 
8.08 0.19 
8.09 0.19 
8.10 0.20 
8.11 0.20 
8.12 0.21 
8.13 0.21 
8.14 0.21 
8.15 0.21 
8.16 0.20 
8.17 0.20 
8.18 0.19 
8.19 0.19 
8.20 0.18 
8.21 0.16 
8.22 0.15 
8.23 0.13 
8.24 0.11 
8.25 0.10 
8.26 0.08 
8.27 0.05 
8.28 0.03 
8.29 0.01 
8.30 -0.01 
8.31 -0.04 
8.32 -0.06 
8.33 -0.08 
8.34 -0.10 
8.35 -0.12 
8.36 -0.14 
8.37 -0.16 
8.38 -0.18 
8.39 -0.19 
8.40 -0.21 
8.41 -0.22 
8.42 -0.23 
8.43 -0.24 
8.44 -0.25 
8.45 -0.26 
8.46 -0.26 
8.47 -0.27 
8.48 -0.27 
8.49 -0.27 
8.50 -0.27 
8.51 -0.26 
8.52 -0.25 
8.53 -0.24 
8.54 -0.23 
8.55 -0.22 
8.56 -0.21 
8.57 -0.20 
8.58 -0.19 
8.59 -0.18 
8.60 -0.17 
8.61 -0.16 
8.62 -0.15 
8.63 -0.14 
8.64 -0.13 
8.65 -0.12 
8.66 -0.11 
8.67 -0.10 
8.68 -0.09 
8.69 -0.08 
8.70 -0.07 
8.71 -0.06 
8.72 -0.06 
8.73 -0.05 
8.74 -0.04 
8.75 -0.03 
8.76 -0.02 
8.77 -0.01 
8.78 -0.00 
8.79 0.01 
8.80 0.01 
8.81 0.02 
8.82 0.03 
8.83 0.04 
8.84 0.05 
8.85 0.05 
8.86 0.06 
8.87 0.07 
8.88 0.08 
8.89 0.08 
8.90 0.09 
8.91 0.10 
8.92 0.11 
8.93 0.11 
8.94 0.12 
8.95 0.13 
8.96 0.13 
8.97 0.14 
8.98 0.15 
8.99 0.15 
9.00 0.16 
9.01 0.16 
9.02 0.16 
9.03 0.17 
9.04 0.17 
9.05 0.17 
9.06 0.18 
9.07 0.18 
9.08 0.19 
9.09 0.19 
9.10 0.20 
9.11 0.20 
9.12 0.21 
9.13 0.21 
9.14 0.21 
9.15 0.21 
9.16 0.20 
9.17 0.20 
9.18 0.19 
9.19 0.19 
9.20 0.18 
9.21 0.16 
9.22 0.15 
9.23 0.13 
9.24 0.11 
9.25 0.10 
9.26 0.08 
9.27 0.05 
9.28 0.03 
9.29 0.01 
9.30 -0.01 
9.31 -0.04 
9.32 -0.06 
9.33 -0.08 
9.34 -0.10 
9.35 -0.12 
9.36 -0.14 
9.37 -0.16 
9.38 -0.18 
9.39 -0.19 
9.40 -0.21 
9.41 -0.22 
9.42 -0.23 
9.43 -0.24 
9.44 -0.25 
9.45 -0.26 
9.46 -0.26 
9.47 -0.27 
9.48 -0.27 
9.49 -0.27 
9.50 -0.27 
9.51 -0.26 
9.52 -0.25 
9.53 -0.24 
9.54 -0.23 
9.55 -0.22 
9.56 -0.21 
9.57 -0.20 
9.58 -0.19 
9.59 -0.18 
9.60 -0.17 
9.61 -0.16 
9.62 -0.15 
9.63 -0.14 
9.64 -0.13 
9.65 -0.12 
9.66 -0.11 
9.67 -0.10 
9.68 -0.09 
9.69 -0.08 
9.70 -0.07 
9.71 -0.06 
9.72 -0.06 
9.73 -0.05 
9.74 -0.04 
9.75 -0.03 
9.76 -0.02 
9.77 -0.01 
9.78 -0.00 
9.79 0.01 
9.80 0.01 
9.81 0.02 
9.82 0.03 
9.83 0.04 
9.84 0.05 
9.85 0.05 
9.86 0.06 
9.87 0.07 
9.88 0.08 
9.89 0.08 
9.90 0.09 
9.91 0.10 
9.92 0.11 
9.93 0.11 
9.94 0.12 
9.95 0.13 
9.96 0.13 
9.97 0.14 
9.98 0.15 
9.99 0.15 
10.00 0.16 
