0.00 -0.32 
0.01 -0.32 
0.02 -0.31 
0.03 -0.31 
0.04 -0.31 
0.05 -0.30 
0.06 -0.30 
0.07 -0.30 
0.08 -0.29 
0.09 -0.29 
0.10 -0.29 
0.11 -0.29 
0.12 -0.28 
0.13 -0.28 
0.14 -0.28 
0.15 -0.28 
0.16 -0.28 
0.17 -0.27 
0.18 -0.27 
0.19 -0.27 
0.20 -0.27 
0.21 -0.27 
0.22 -0.27 
0.23 -0.27 
0.24 -0.27 
0.25 -0.27 
0.26 -0.27 
0.27 -0.27 
0.28 -0.27 
0.29 -0.27 
0.30 -0.27 
0.31 -0.27 
0.32 -0.27 
0.33 -0.27 
0.34 -0.28 
0.35 -0.28 
0.36 -0.28 
0.37 -0.28 
0.38 -0.28 
0.39 -0.29 
0.40 -0.29 
0.41 -0.29 
0.42 -0.29 
0.43 -0.30 
0.44 -0.30 
0.45 -0.30 
0.46 -0.31 
0.47 -0.31 
0.48 -0.31 
0.49 -0.32 
0.50 -0.32 
0.51 -0.32 
0.52 -0.32 
0.53 -0.31 
0.54 -0.30 
0.55 -0.29 
0.56 -0.28 
0.57 -0.26 
0.58 -0.25 
0.59 -0.23 
0.60 -0.21 
0.61 -0.19 
0.62 -0.17 
0.63 -0.15 
0.64 -0.13 
0.65 -0.11 
0.66 -0.09 
0.67 -0.07 
0.68 -0.05 
0.69 -0.04 
0.70 -0.02 
0.71 -0.01 
0.72 -0.00 
0.73 0.00 
0.74 0.01 
0.75 0.01 
0.76 0.01 
0.77 0.00 
0.78 -0.00 
0.79 -0.01 
0.80 -0.02 
0.81 -0.04 
0.82 -0.05 
0.83 -0.07 
0.84 -0.09 
0.85 -0.11 
0.86 -0.13 
0.87 -0.15 
0.88 -0.17 
0.89 -0.19 
0.90 -0.21 
0.91 -0.23 
0.92 -0.25 
0.93 -0.26 
0.94 -0.28 
0.95 -0.29 
0.96 -0.30 
0.97 -0.31 
0.98 -0.32 
0.99 -0.32 
1.00 -0.32 
1.01 -0.32 
1.02 -0.31 
1.03 -0.31 
1.04 -0.31 
1.05 -0.30 
1.06 -0.30 
1.07 -0.30 
1.08 -0.29 
1.09 -0.29 
1.10 -0.29 
1.11 -0.29 
1.12 -0.28 
1.13 -0.28 
1.14 -0.28 
1.15 -0.28 
1.16 -0.28 
1.17 -0.27 
1.18 -0.27 
1.19 -0.27 
1.20 -0.27 
1.21 -0.27 
1.22 -0.27 
1.23 -0.27 
1.24 -0.27 
1.25 -0.27 
1.26 -0.27 
1.27 -0.27 
1.28 -0.27 
1.29 -0.27 
1.30 -0.27 
1.31 -0.27 
1.32 -0.27 
1.33 -0.27 
1.34 -0.28 
1.35 -0.28 
1.36 -0.28 
1.37 -0.28 
1.38 -0.28 
1.39 -0.29 
1.40 -0.29 
1.41 -0.29 
1.42 -0.29 
1.43 -0.30 
1.44 -0.30 
1.45 -0.30 
1.46 -0.31 
1.47 -0.31 
1.48 -0.31 
1.49 -0.32 
1.50 -0.32 
1.51 -0.32 
1.52 -0.32 
1.53 -0.31 
1.54 -0.30 
1.55 -0.29 
1.56 -0.28 
1.57 -0.26 
1.58 -0.25 
1.59 -0.23 
1.60 -0.21 
1.61 -0.19 
1.62 -0.17 
1.63 -0.15 
1.64 -0.13 
1.65 -0.11 
1.66 -0.09 
1.67 -0.07 
1.68 -0.05 
1.69 -0.04 
1.70 -0.02 
1.71 -0.01 
1.72 -0.00 
1.73 0.00 
1.74 0.01 
1.75 0.01 
1.76 0.01 
1.77 0.00 
1.78 -0.00 
1.79 -0.01 
1.80 -0.02 
1.81 -0.04 
1.82 -0.05 
1.83 -0.07 
1.84 -0.09 
1.85 -0.11 
1.86 -0.13 
1.87 -0.15 
1.88 -0.17 
1.89 -0.19 
1.90 -0.21 
1.91 -0.23 
1.92 -0.25 
1.93 -0.26 
1.94 -0.28 
1.95 -0.29 
1.96 -0.30 
1.97 -0.31 
1.98 -0.32 
1.99 -0.32 
2.00 -0.32 
2.01 -0.32 
2.02 -0.31 
2.03 -0.31 
2.04 -0.31 
2.05 -0.30 
2.06 -0.30 
2.07 -0.30 
2.08 -0.29 
2.09 -0.29 
2.10 -0.29 
2.11 -0.29 
2.12 -0.28 
2.13 -0.28 
2.14 -0.28 
2.15 -0.28 
2.16 -0.28 
2.17 -0.27 
2.18 -0.27 
2.19 -0.27 
2.20 -0.27 
2.21 -0.27 
2.22 -0.27 
2.23 -0.27 
2.24 -0.27 
2.25 -0.27 
2.26 -0.27 
2.27 -0.27 
2.28 -0.27 
2.29 -0.27 
2.30 -0.27 
2.31 -0.27 
2.32 -0.27 
2.33 -0.27 
2.34 -0.28 
2.35 -0.28 
2.36 -0.28 
2.37 -0.28 
2.38 -0.28 
2.39 -0.29 
2.40 -0.29 
2.41 -0.29 
2.42 -0.29 
2.43 -0.30 
2.44 -0.30 
2.45 -0.30 
2.46 -0.31 
2.47 -0.31 
2.48 -0.31 
2.49 -0.32 
2.50 -0.32 
2.51 -0.32 
2.52 -0.32 
2.53 -0.31 
2.54 -0.30 
2.55 -0.29 
2.56 -0.28 
2.57 -0.26 
2.58 -0.25 
2.59 -0.23 
2.60 -0.21 
2.61 -0.19 
2.62 -0.17 
2.63 -0.15 
2.64 -0.13 
2.65 -0.11 
2.66 -0.09 
2.67 -0.07 
2.68 -0.05 
2.69 -0.04 
2.70 -0.02 
2.71 -0.01 
2.72 -0.00 
2.73 0.00 
2.74 0.01 
2.75 0.01 
2.76 0.01 
2.77 0.00 
2.78 -0.00 
2.79 -0.01 
2.80 -0.02 
2.81 -0.04 
2.82 -0.05 
2.83 -0.07 
2.84 -0.09 
2.85 -0.11 
2.86 -0.13 
2.87 -0.15 
2.88 -0.17 
2.89 -0.19 
2.90 -0.21 
2.91 -0.23 
2.92 -0.25 
2.93 -0.26 
2.94 -0.28 
2.95 -0.29 
2.96 -0.30 
2.97 -0.31 
2.98 -0.32 
2.99 -0.32 
3.00 -0.32 
3.01 -0.32 
3.02 -0.31 
3.03 -0.31 
3.04 -0.31 
3.05 -0.30 
3.06 -0.30 
3.07 -0.30 
3.08 -0.29 
3.09 -0.29 
3.10 -0.29 
3.11 -0.29 
3.12 -0.28 
3.13 -0.28 
3.14 -0.28 
3.15 -0.28 
3.16 -0.28 
3.17 -0.27 
3.18 -0.27 
3.19 -0.27 
3.20 -0.27 
3.21 -0.27 
3.22 -0.27 
3.23 -0.27 
3.24 -0.27 
3.25 -0.27 
3.26 -0.27 
3.27 -0.27 
3.28 -0.27 
3.29 -0.27 
3.30 -0.27 
3.31 -0.27 
3.32 -0.27 
3.33 -0.27 
3.34 -0.28 
3.35 -0.28 
3.36 -0.28 
3.37 -0.28 
3.38 -0.28 
3.39 -0.29 
3.40 -0.29 
3.41 -0.29 
3.42 -0.29 
3.43 -0.30 
3.44 -0.30 
3.45 -0.30 
3.46 -0.31 
3.47 -0.31 
3.48 -0.31 
3.49 -0.32 
3.50 -0.32 
3.51 -0.32 
3.52 -0.32 
3.53 -0.31 
3.54 -0.30 
3.55 -0.29 
3.56 -0.28 
3.57 -0.26 
3.58 -0.25 
3.59 -0.23 
3.60 -0.21 
3.61 -0.19 
3.62 -0.17 
3.63 -0.15 
3.64 -0.13 
3.65 -0.11 
3.66 -0.09 
3.67 -0.07 
3.68 -0.05 
3.69 -0.04 
3.70 -0.02 
3.71 -0.01 
3.72 -0.00 
3.73 0.00 
3.74 0.01 
3.75 0.01 
3.76 0.01 
3.77 0.00 
3.78 -0.00 
3.79 -0.01 
3.80 -0.02 
3.81 -0.04 
3.82 -0.05 
3.83 -0.07 
3.84 -0.09 
3.85 -0.11 
3.86 -0.13 
3.87 -0.15 
3.88 -0.17 
3.89 -0.19 
3.90 -0.21 
3.91 -0.23 
3.92 -0.25 
3.93 -0.26 
3.94 -0.28 
3.95 -0.29 
3.96 -0.30 
3.97 -0.31 
3.98 -0.32 
3.99 -0.32 
4.00 -0.32 
4.01 -0.32 
4.02 -0.31 
4.03 -0.31 
4.04 -0.31 
4.05 -0.30 
4.06 -0.30 
4.07 -0.30 
4.08 -0.29 
4.09 -0.29 
4.10 -0.29 
4.11 -0.29 
4.12 -0.28 
4.13 -0.28 
4.14 -0.28 
4.15 -0.28 
4.16 -0.28 
4.17 -0.27 
4.18 -0.27 
4.19 -0.27 
4.20 -0.27 
4.21 -0.27 
4.22 -0.27 
4.23 -0.27 
4.24 -0.27 
4.25 -0.27 
4.26 -0.27 
4.27 -0.27 
4.28 -0.27 
4.29 -0.27 
4.30 -0.27 
4.31 -0.27 
4.32 -0.27 
4.33 -0.27 
4.34 -0.28 
4.35 -0.28 
4.36 -0.28 
4.37 -0.28 
4.38 -0.28 
4.39 -0.29 
4.40 -0.29 
4.41 -0.29 
4.42 -0.29 
4.43 -0.30 
4.44 -0.30 
4.45 -0.30 
4.46 -0.31 
4.47 -0.31 
4.48 -0.31 
4.49 -0.32 
4.50 -0.32 
4.51 -0.32 
4.52 -0.32 
4.53 -0.31 
4.54 -0.30 
4.55 -0.29 
4.56 -0.28 
4.57 -0.26 
4.58 -0.25 
4.59 -0.23 
4.60 -0.21 
4.61 -0.19 
4.62 -0.17 
4.63 -0.15 
4.64 -0.13 
4.65 -0.11 
4.66 -0.09 
4.67 -0.07 
4.68 -0.05 
4.69 -0.04 
4.70 -0.02 
4.71 -0.01 
4.72 -0.00 
4.73 0.00 
4.74 0.01 
4.75 0.01 
4.76 0.01 
4.77 0.00 
4.78 -0.00 
4.79 -0.01 
4.80 -0.02 
4.81 -0.04 
4.82 -0.05 
4.83 -0.07 
4.84 -0.09 
4.85 -0.11 
4.86 -0.13 
4.87 -0.15 
4.88 -0.17 
4.89 -0.19 
4.90 -0.21 
4.91 -0.23 
4.92 -0.25 
4.93 -0.26 
4.94 -0.28 
4.95 -0.29 
4.96 -0.30 
4.97 -0.31 
4.98 -0.32 
4.99 -0.32 
5.00 -0.32 
5.01 -0.32 
5.02 -0.31 
5.03 -0.31 
5.04 -0.31 
5.05 -0.30 
5.06 -0.30 
5.07 -0.30 
5.08 -0.29 
5.09 -0.29 
5.10 -0.29 
5.11 -0.29 
5.12 -0.28 
5.13 -0.28 
5.14 -0.28 
5.15 -0.28 
5.16 -0.28 
5.17 -0.27 
5.18 -0.27 
5.19 -0.27 
5.20 -0.27 
5.21 -0.27 
5.22 -0.27 
5.23 -0.27 
5.24 -0.27 
5.25 -0.27 
5.26 -0.27 
5.27 -0.27 
5.28 -0.27 
5.29 -0.27 
5.30 -0.27 
5.31 -0.27 
5.32 -0.27 
5.33 -0.27 
5.34 -0.28 
5.35 -0.28 
5.36 -0.28 
5.37 -0.28 
5.38 -0.28 
5.39 -0.29 
5.40 -0.29 
5.41 -0.29 
5.42 -0.29 
5.43 -0.30 
5.44 -0.30 
5.45 -0.30 
5.46 -0.31 
5.47 -0.31 
5.48 -0.31 
5.49 -0.32 
5.50 -0.32 
5.51 -0.32 
5.52 -0.32 
5.53 -0.31 
5.54 -0.30 
5.55 -0.29 
5.56 -0.28 
5.57 -0.26 
5.58 -0.25 
5.59 -0.23 
5.60 -0.21 
5.61 -0.19 
5.62 -0.17 
5.63 -0.15 
5.64 -0.13 
5.65 -0.11 
5.66 -0.09 
5.67 -0.07 
5.68 -0.05 
5.69 -0.04 
5.70 -0.02 
5.71 -0.01 
5.72 -0.00 
5.73 0.00 
5.74 0.01 
5.75 0.01 
5.76 0.01 
5.77 0.00 
5.78 -0.00 
5.79 -0.01 
5.80 -0.02 
5.81 -0.04 
5.82 -0.05 
5.83 -0.07 
5.84 -0.09 
5.85 -0.11 
5.86 -0.13 
5.87 -0.15 
5.88 -0.17 
5.89 -0.19 
5.90 -0.21 
5.91 -0.23 
5.92 -0.25 
5.93 -0.26 
5.94 -0.28 
5.95 -0.29 
5.96 -0.30 
5.97 -0.31 
5.98 -0.32 
5.99 -0.32 
6.00 -0.32 
6.01 -0.32 
6.02 -0.31 
6.03 -0.31 
6.04 -0.31 
6.05 -0.30 
6.06 -0.30 
6.07 -0.30 
6.08 -0.29 
6.09 -0.29 
6.10 -0.29 
6.11 -0.29 
6.12 -0.28 
6.13 -0.28 
6.14 -0.28 
6.15 -0.28 
6.16 -0.28 
6.17 -0.27 
6.18 -0.27 
6.19 -0.27 
6.20 -0.27 
6.21 -0.27 
6.22 -0.27 
6.23 -0.27 
6.24 -0.27 
6.25 -0.27 
6.26 -0.27 
6.27 -0.27 
6.28 -0.27 
6.29 -0.27 
6.30 -0.27 
6.31 -0.27 
6.32 -0.27 
6.33 -0.27 
6.34 -0.28 
6.35 -0.28 
6.36 -0.28 
6.37 -0.28 
6.38 -0.28 
6.39 -0.29 
6.40 -0.29 
6.41 -0.29 
6.42 -0.29 
6.43 -0.30 
6.44 -0.30 
6.45 -0.30 
6.46 -0.31 
6.47 -0.31 
6.48 -0.31 
6.49 -0.32 
6.50 -0.32 
6.51 -0.32 
6.52 -0.32 
6.53 -0.31 
6.54 -0.30 
6.55 -0.29 
6.56 -0.28 
6.57 -0.26 
6.58 -0.25 
6.59 -0.23 
6.60 -0.21 
6.61 -0.19 
6.62 -0.17 
6.63 -0.15 
6.64 -0.13 
6.65 -0.11 
6.66 -0.09 
6.67 -0.07 
6.68 -0.05 
6.69 -0.04 
6.70 -0.02 
6.71 -0.01 
6.72 -0.00 
6.73 0.00 
6.74 0.01 
6.75 0.01 
6.76 0.01 
6.77 0.00 
6.78 -0.00 
6.79 -0.01 
6.80 -0.02 
6.81 -0.04 
6.82 -0.05 
6.83 -0.07 
6.84 -0.09 
6.85 -0.11 
6.86 -0.13 
6.87 -0.15 
6.88 -0.17 
6.89 -0.19 
6.90 -0.21 
6.91 -0.23 
6.92 -0.25 
6.93 -0.26 
6.94 -0.28 
6.95 -0.29 
6.96 -0.30 
6.97 -0.31 
6.98 -0.32 
6.99 -0.32 
7.00 -0.32 
7.01 -0.32 
7.02 -0.31 
7.03 -0.31 
7.04 -0.31 
7.05 -0.30 
7.06 -0.30 
7.07 -0.30 
7.08 -0.29 
7.09 -0.29 
7.10 -0.29 
7.11 -0.29 
7.12 -0.28 
7.13 -0.28 
7.14 -0.28 
7.15 -0.28 
7.16 -0.28 
7.17 -0.27 
7.18 -0.27 
7.19 -0.27 
7.20 -0.27 
7.21 -0.27 
7.22 -0.27 
7.23 -0.27 
7.24 -0.27 
7.25 -0.27 
7.26 -0.27 
7.27 -0.27 
7.28 -0.27 
7.29 -0.27 
7.30 -0.27 
7.31 -0.27 
7.32 -0.27 
7.33 -0.27 
7.34 -0.28 
7.35 -0.28 
7.36 -0.28 
7.37 -0.28 
7.38 -0.28 
7.39 -0.29 
7.40 -0.29 
7.41 -0.29 
7.42 -0.29 
7.43 -0.30 
7.44 -0.30 
7.45 -0.30 
7.46 -0.31 
7.47 -0.31 
7.48 -0.31 
7.49 -0.32 
7.50 -0.32 
7.51 -0.32 
7.52 -0.32 
7.53 -0.31 
7.54 -0.30 
7.55 -0.29 
7.56 -0.28 
7.57 -0.26 
7.58 -0.25 
7.59 -0.23 
7.60 -0.21 
7.61 -0.19 
7.62 -0.17 
7.63 -0.15 
7.64 -0.13 
7.65 -0.11 
7.66 -0.09 
7.67 -0.07 
7.68 -0.05 
7.69 -0.04 
7.70 -0.02 
7.71 -0.01 
7.72 -0.00 
7.73 0.00 
7.74 0.01 
7.75 0.01 
7.76 0.01 
7.77 0.00 
7.78 -0.00 
7.79 -0.01 
7.80 -0.02 
7.81 -0.04 
7.82 -0.05 
7.83 -0.07 
7.84 -0.09 
7.85 -0.11 
7.86 -0.13 
7.87 -0.15 
7.88 -0.17 
7.89 -0.19 
7.90 -0.21 
7.91 -0.23 
7.92 -0.25 
7.93 -0.26 
7.94 -0.28 
7.95 -0.29 
7.96 -0.30 
7.97 -0.31 
7.98 -0.32 
7.99 -0.32 
8.00 -0.32 
8.01 -0.32 
8.02 -0.31 
8.03 -0.31 
8.04 -0.31 
8.05 -0.30 
8.06 -0.30 
8.07 -0.30 
8.08 -0.29 
8.09 -0.29 
8.10 -0.29 
8.11 -0.29 
8.12 -0.28 
8.13 -0.28 
8.14 -0.28 
8.15 -0.28 
8.16 -0.28 
8.17 -0.27 
8.18 -0.27 
8.19 -0.27 
8.20 -0.27 
8.21 -0.27 
8.22 -0.27 
8.23 -0.27 
8.24 -0.27 
8.25 -0.27 
8.26 -0.27 
8.27 -0.27 
8.28 -0.27 
8.29 -0.27 
8.30 -0.27 
8.31 -0.27 
8.32 -0.27 
8.33 -0.27 
8.34 -0.28 
8.35 -0.28 
8.36 -0.28 
8.37 -0.28 
8.38 -0.28 
8.39 -0.29 
8.40 -0.29 
8.41 -0.29 
8.42 -0.29 
8.43 -0.30 
8.44 -0.30 
8.45 -0.30 
8.46 -0.31 
8.47 -0.31 
8.48 -0.31 
8.49 -0.32 
8.50 -0.32 
8.51 -0.32 
8.52 -0.32 
8.53 -0.31 
8.54 -0.30 
8.55 -0.29 
8.56 -0.28 
8.57 -0.26 
8.58 -0.25 
8.59 -0.23 
8.60 -0.21 
8.61 -0.19 
8.62 -0.17 
8.63 -0.15 
8.64 -0.13 
8.65 -0.11 
8.66 -0.09 
8.67 -0.07 
8.68 -0.05 
8.69 -0.04 
8.70 -0.02 
8.71 -0.01 
8.72 -0.00 
8.73 0.00 
8.74 0.01 
8.75 0.01 
8.76 0.01 
8.77 0.00 
8.78 -0.00 
8.79 -0.01 
8.80 -0.02 
8.81 -0.04 
8.82 -0.05 
8.83 -0.07 
8.84 -0.09 
8.85 -0.11 
8.86 -0.13 
8.87 -0.15 
8.88 -0.17 
8.89 -0.19 
8.90 -0.21 
8.91 -0.23 
8.92 -0.25 
8.93 -0.26 
8.94 -0.28 
8.95 -0.29 
8.96 -0.30 
8.97 -0.31 
8.98 -0.32 
8.99 -0.32 
9.00 -0.32 
9.01 -0.32 
9.02 -0.31 
9.03 -0.31 
9.04 -0.31 
9.05 -0.30 
9.06 -0.30 
9.07 -0.30 
9.08 -0.29 
9.09 -0.29 
9.10 -0.29 
9.11 -0.29 
9.12 -0.28 
9.13 -0.28 
9.14 -0.28 
9.15 -0.28 
9.16 -0.28 
9.17 -0.27 
9.18 -0.27 
9.19 -0.27 
9.20 -0.27 
9.21 -0.27 
9.22 -0.27 
9.23 -0.27 
9.24 -0.27 
9.25 -0.27 
9.26 -0.27 
9.27 -0.27 
9.28 -0.27 
9.29 -0.27 
9.30 -0.27 
9.31 -0.27 
9.32 -0.27 
9.33 -0.27 
9.34 -0.28 
9.35 -0.28 
9.36 -0.28 
9.37 -0.28 
9.38 -0.28 
9.39 -0.29 
9.40 -0.29 
9.41 -0.29 
9.42 -0.29 
9.43 -0.30 
9.44 -0.30 
9.45 -0.30 
9.46 -0.31 
9.47 -0.31 
9.48 -0.31 
9.49 -0.32 
9.50 -0.32 
9.51 -0.32 
9.52 -0.32 
9.53 -0.31 
9.54 -0.30 
9.55 -0.29 
9.56 -0.28 
9.57 -0.26 
9.58 -0.25 
9.59 -0.23 
9.60 -0.21 
9.61 -0.19 
9.62 -0.17 
9.63 -0.15 
9.64 -0.13 
9.65 -0.11 
9.66 -0.09 
9.67 -0.07 
9.68 -0.05 
9.69 -0.04 
9.70 -0.02 
9.71 -0.01 
9.72 -0.00 
9.73 0.00 
9.74 0.01 
9.75 0.01 
9.76 0.01 
9.77 0.00 
9.78 -0.00 
9.79 -0.01 
9.80 -0.02 
9.81 -0.04 
9.82 -0.05 
9.83 -0.07 
9.84 -0.09 
9.85 -0.11 
9.86 -0.13 
9.87 -0.15 
9.88 -0.17 
9.89 -0.19 
9.90 -0.21 
9.91 -0.23 
9.92 -0.25 
9.93 -0.26 
9.94 -0.28 
9.95 -0.29 
9.96 -0.30 
9.97 -0.31 
9.98 -0.32 
9.99 -0.32 
10.00 -0.32 
