0.00 -0.11 
0.01 -0.10 
0.02 -0.10 
0.03 -0.10 
0.04 -0.09 
0.05 -0.09 
0.06 -0.09 
0.07 -0.08 
0.08 -0.08 
0.09 -0.08 
0.10 -0.08 
0.11 -0.07 
0.12 -0.07 
0.13 -0.07 
0.14 -0.07 
0.15 -0.07 
0.16 -0.06 
0.17 -0.06 
0.18 -0.06 
0.19 -0.06 
0.20 -0.06 
0.21 -0.06 
0.22 -0.06 
0.23 -0.06 
0.24 -0.06 
0.25 -0.06 
0.26 -0.06 
0.27 -0.06 
0.28 -0.06 
0.29 -0.06 
0.30 -0.06 
0.31 -0.06 
0.32 -0.06 
0.33 -0.06 
0.34 -0.06 
0.35 -0.07 
0.36 -0.07 
0.37 -0.07 
0.38 -0.07 
0.39 -0.07 
0.40 -0.08 
0.41 -0.08 
0.42 -0.08 
0.43 -0.08 
0.44 -0.09 
0.45 -0.09 
0.46 -0.09 
0.47 -0.10 
0.48 -0.10 
0.49 -0.10 
0.50 -0.11 
0.51 -0.11 
0.52 -0.10 
0.53 -0.10 
0.54 -0.09 
0.55 -0.08 
0.56 -0.07 
0.57 -0.06 
0.58 -0.04 
0.59 -0.03 
0.60 -0.01 
0.61 0.01 
0.62 0.03 
0.63 0.05 
0.64 0.06 
0.65 0.08 
0.66 0.10 
0.67 0.12 
0.68 0.13 
0.69 0.15 
0.70 0.16 
0.71 0.17 
0.72 0.18 
0.73 0.19 
0.74 0.19 
0.75 0.19 
0.76 0.19 
0.77 0.19 
0.78 0.18 
0.79 0.17 
0.80 0.16 
0.81 0.15 
0.82 0.13 
0.83 0.12 
0.84 0.10 
0.85 0.08 
0.86 0.06 
0.87 0.05 
0.88 0.03 
0.89 0.01 
0.90 -0.01 
0.91 -0.03 
0.92 -0.04 
0.93 -0.06 
0.94 -0.07 
0.95 -0.08 
0.96 -0.09 
0.97 -0.10 
0.98 -0.10 
0.99 -0.11 
1.00 -0.11 
1.01 -0.10 
1.02 -0.10 
1.03 -0.10 
1.04 -0.09 
1.05 -0.09 
1.06 -0.09 
1.07 -0.08 
1.08 -0.08 
1.09 -0.08 
1.10 -0.08 
1.11 -0.07 
1.12 -0.07 
1.13 -0.07 
1.14 -0.07 
1.15 -0.07 
1.16 -0.06 
1.17 -0.06 
1.18 -0.06 
1.19 -0.06 
1.20 -0.06 
1.21 -0.06 
1.22 -0.06 
1.23 -0.06 
1.24 -0.06 
1.25 -0.06 
1.26 -0.06 
1.27 -0.06 
1.28 -0.06 
1.29 -0.06 
1.30 -0.06 
1.31 -0.06 
1.32 -0.06 
1.33 -0.06 
1.34 -0.06 
1.35 -0.07 
1.36 -0.07 
1.37 -0.07 
1.38 -0.07 
1.39 -0.07 
1.40 -0.08 
1.41 -0.08 
1.42 -0.08 
1.43 -0.08 
1.44 -0.09 
1.45 -0.09 
1.46 -0.09 
1.47 -0.10 
1.48 -0.10 
1.49 -0.10 
1.50 -0.11 
1.51 -0.11 
1.52 -0.10 
1.53 -0.10 
1.54 -0.09 
1.55 -0.08 
1.56 -0.07 
1.57 -0.06 
1.58 -0.04 
1.59 -0.03 
1.60 -0.01 
1.61 0.01 
1.62 0.03 
1.63 0.05 
1.64 0.06 
1.65 0.08 
1.66 0.10 
1.67 0.12 
1.68 0.13 
1.69 0.15 
1.70 0.16 
1.71 0.17 
1.72 0.18 
1.73 0.19 
1.74 0.19 
1.75 0.19 
1.76 0.19 
1.77 0.19 
1.78 0.18 
1.79 0.17 
1.80 0.16 
1.81 0.15 
1.82 0.13 
1.83 0.12 
1.84 0.10 
1.85 0.08 
1.86 0.06 
1.87 0.05 
1.88 0.03 
1.89 0.01 
1.90 -0.01 
1.91 -0.03 
1.92 -0.04 
1.93 -0.06 
1.94 -0.07 
1.95 -0.08 
1.96 -0.09 
1.97 -0.10 
1.98 -0.10 
1.99 -0.11 
2.00 -0.11 
2.01 -0.10 
2.02 -0.10 
2.03 -0.10 
2.04 -0.09 
2.05 -0.09 
2.06 -0.09 
2.07 -0.08 
2.08 -0.08 
2.09 -0.08 
2.10 -0.08 
2.11 -0.07 
2.12 -0.07 
2.13 -0.07 
2.14 -0.07 
2.15 -0.07 
2.16 -0.06 
2.17 -0.06 
2.18 -0.06 
2.19 -0.06 
2.20 -0.06 
2.21 -0.06 
2.22 -0.06 
2.23 -0.06 
2.24 -0.06 
2.25 -0.06 
2.26 -0.06 
2.27 -0.06 
2.28 -0.06 
2.29 -0.06 
2.30 -0.06 
2.31 -0.06 
2.32 -0.06 
2.33 -0.06 
2.34 -0.06 
2.35 -0.07 
2.36 -0.07 
2.37 -0.07 
2.38 -0.07 
2.39 -0.07 
2.40 -0.08 
2.41 -0.08 
2.42 -0.08 
2.43 -0.08 
2.44 -0.09 
2.45 -0.09 
2.46 -0.09 
2.47 -0.10 
2.48 -0.10 
2.49 -0.10 
2.50 -0.11 
2.51 -0.11 
2.52 -0.10 
2.53 -0.10 
2.54 -0.09 
2.55 -0.08 
2.56 -0.07 
2.57 -0.06 
2.58 -0.04 
2.59 -0.03 
2.60 -0.01 
2.61 0.01 
2.62 0.03 
2.63 0.05 
2.64 0.06 
2.65 0.08 
2.66 0.10 
2.67 0.12 
2.68 0.13 
2.69 0.15 
2.70 0.16 
2.71 0.17 
2.72 0.18 
2.73 0.19 
2.74 0.19 
2.75 0.19 
2.76 0.19 
2.77 0.19 
2.78 0.18 
2.79 0.17 
2.80 0.16 
2.81 0.15 
2.82 0.13 
2.83 0.12 
2.84 0.10 
2.85 0.08 
2.86 0.06 
2.87 0.05 
2.88 0.03 
2.89 0.01 
2.90 -0.01 
2.91 -0.03 
2.92 -0.04 
2.93 -0.06 
2.94 -0.07 
2.95 -0.08 
2.96 -0.09 
2.97 -0.10 
2.98 -0.10 
2.99 -0.11 
3.00 -0.11 
3.01 -0.10 
3.02 -0.10 
3.03 -0.10 
3.04 -0.09 
3.05 -0.09 
3.06 -0.09 
3.07 -0.08 
3.08 -0.08 
3.09 -0.08 
3.10 -0.08 
3.11 -0.07 
3.12 -0.07 
3.13 -0.07 
3.14 -0.07 
3.15 -0.07 
3.16 -0.06 
3.17 -0.06 
3.18 -0.06 
3.19 -0.06 
3.20 -0.06 
3.21 -0.06 
3.22 -0.06 
3.23 -0.06 
3.24 -0.06 
3.25 -0.06 
3.26 -0.06 
3.27 -0.06 
3.28 -0.06 
3.29 -0.06 
3.30 -0.06 
3.31 -0.06 
3.32 -0.06 
3.33 -0.06 
3.34 -0.06 
3.35 -0.07 
3.36 -0.07 
3.37 -0.07 
3.38 -0.07 
3.39 -0.07 
3.40 -0.08 
3.41 -0.08 
3.42 -0.08 
3.43 -0.08 
3.44 -0.09 
3.45 -0.09 
3.46 -0.09 
3.47 -0.10 
3.48 -0.10 
3.49 -0.10 
3.50 -0.11 
3.51 -0.11 
3.52 -0.10 
3.53 -0.10 
3.54 -0.09 
3.55 -0.08 
3.56 -0.07 
3.57 -0.06 
3.58 -0.04 
3.59 -0.03 
3.60 -0.01 
3.61 0.01 
3.62 0.03 
3.63 0.05 
3.64 0.06 
3.65 0.08 
3.66 0.10 
3.67 0.12 
3.68 0.13 
3.69 0.15 
3.70 0.16 
3.71 0.17 
3.72 0.18 
3.73 0.19 
3.74 0.19 
3.75 0.19 
3.76 0.19 
3.77 0.19 
3.78 0.18 
3.79 0.17 
3.80 0.16 
3.81 0.15 
3.82 0.13 
3.83 0.12 
3.84 0.10 
3.85 0.08 
3.86 0.06 
3.87 0.05 
3.88 0.03 
3.89 0.01 
3.90 -0.01 
3.91 -0.03 
3.92 -0.04 
3.93 -0.06 
3.94 -0.07 
3.95 -0.08 
3.96 -0.09 
3.97 -0.10 
3.98 -0.10 
3.99 -0.11 
4.00 -0.11 
4.01 -0.10 
4.02 -0.10 
4.03 -0.10 
4.04 -0.09 
4.05 -0.09 
4.06 -0.09 
4.07 -0.08 
4.08 -0.08 
4.09 -0.08 
4.10 -0.08 
4.11 -0.07 
4.12 -0.07 
4.13 -0.07 
4.14 -0.07 
4.15 -0.07 
4.16 -0.06 
4.17 -0.06 
4.18 -0.06 
4.19 -0.06 
4.20 -0.06 
4.21 -0.06 
4.22 -0.06 
4.23 -0.06 
4.24 -0.06 
4.25 -0.06 
4.26 -0.06 
4.27 -0.06 
4.28 -0.06 
4.29 -0.06 
4.30 -0.06 
4.31 -0.06 
4.32 -0.06 
4.33 -0.06 
4.34 -0.06 
4.35 -0.07 
4.36 -0.07 
4.37 -0.07 
4.38 -0.07 
4.39 -0.07 
4.40 -0.08 
4.41 -0.08 
4.42 -0.08 
4.43 -0.08 
4.44 -0.09 
4.45 -0.09 
4.46 -0.09 
4.47 -0.10 
4.48 -0.10 
4.49 -0.10 
4.50 -0.11 
4.51 -0.11 
4.52 -0.10 
4.53 -0.10 
4.54 -0.09 
4.55 -0.08 
4.56 -0.07 
4.57 -0.06 
4.58 -0.04 
4.59 -0.03 
4.60 -0.01 
4.61 0.01 
4.62 0.03 
4.63 0.05 
4.64 0.06 
4.65 0.08 
4.66 0.10 
4.67 0.12 
4.68 0.13 
4.69 0.15 
4.70 0.16 
4.71 0.17 
4.72 0.18 
4.73 0.19 
4.74 0.19 
4.75 0.19 
4.76 0.19 
4.77 0.19 
4.78 0.18 
4.79 0.17 
4.80 0.16 
4.81 0.15 
4.82 0.13 
4.83 0.12 
4.84 0.10 
4.85 0.08 
4.86 0.06 
4.87 0.05 
4.88 0.03 
4.89 0.01 
4.90 -0.01 
4.91 -0.03 
4.92 -0.04 
4.93 -0.06 
4.94 -0.07 
4.95 -0.08 
4.96 -0.09 
4.97 -0.10 
4.98 -0.10 
4.99 -0.11 
5.00 -0.11 
5.01 -0.10 
5.02 -0.10 
5.03 -0.10 
5.04 -0.09 
5.05 -0.09 
5.06 -0.09 
5.07 -0.08 
5.08 -0.08 
5.09 -0.08 
5.10 -0.08 
5.11 -0.07 
5.12 -0.07 
5.13 -0.07 
5.14 -0.07 
5.15 -0.07 
5.16 -0.06 
5.17 -0.06 
5.18 -0.06 
5.19 -0.06 
5.20 -0.06 
5.21 -0.06 
5.22 -0.06 
5.23 -0.06 
5.24 -0.06 
5.25 -0.06 
5.26 -0.06 
5.27 -0.06 
5.28 -0.06 
5.29 -0.06 
5.30 -0.06 
5.31 -0.06 
5.32 -0.06 
5.33 -0.06 
5.34 -0.06 
5.35 -0.07 
5.36 -0.07 
5.37 -0.07 
5.38 -0.07 
5.39 -0.07 
5.40 -0.08 
5.41 -0.08 
5.42 -0.08 
5.43 -0.08 
5.44 -0.09 
5.45 -0.09 
5.46 -0.09 
5.47 -0.10 
5.48 -0.10 
5.49 -0.10 
5.50 -0.11 
5.51 -0.11 
5.52 -0.10 
5.53 -0.10 
5.54 -0.09 
5.55 -0.08 
5.56 -0.07 
5.57 -0.06 
5.58 -0.04 
5.59 -0.03 
5.60 -0.01 
5.61 0.01 
5.62 0.03 
5.63 0.05 
5.64 0.06 
5.65 0.08 
5.66 0.10 
5.67 0.12 
5.68 0.13 
5.69 0.15 
5.70 0.16 
5.71 0.17 
5.72 0.18 
5.73 0.19 
5.74 0.19 
5.75 0.19 
5.76 0.19 
5.77 0.19 
5.78 0.18 
5.79 0.17 
5.80 0.16 
5.81 0.15 
5.82 0.13 
5.83 0.12 
5.84 0.10 
5.85 0.08 
5.86 0.06 
5.87 0.05 
5.88 0.03 
5.89 0.01 
5.90 -0.01 
5.91 -0.03 
5.92 -0.04 
5.93 -0.06 
5.94 -0.07 
5.95 -0.08 
5.96 -0.09 
5.97 -0.10 
5.98 -0.10 
5.99 -0.11 
6.00 -0.11 
6.01 -0.10 
6.02 -0.10 
6.03 -0.10 
6.04 -0.09 
6.05 -0.09 
6.06 -0.09 
6.07 -0.08 
6.08 -0.08 
6.09 -0.08 
6.10 -0.08 
6.11 -0.07 
6.12 -0.07 
6.13 -0.07 
6.14 -0.07 
6.15 -0.07 
6.16 -0.06 
6.17 -0.06 
6.18 -0.06 
6.19 -0.06 
6.20 -0.06 
6.21 -0.06 
6.22 -0.06 
6.23 -0.06 
6.24 -0.06 
6.25 -0.06 
6.26 -0.06 
6.27 -0.06 
6.28 -0.06 
6.29 -0.06 
6.30 -0.06 
6.31 -0.06 
6.32 -0.06 
6.33 -0.06 
6.34 -0.06 
6.35 -0.07 
6.36 -0.07 
6.37 -0.07 
6.38 -0.07 
6.39 -0.07 
6.40 -0.08 
6.41 -0.08 
6.42 -0.08 
6.43 -0.08 
6.44 -0.09 
6.45 -0.09 
6.46 -0.09 
6.47 -0.10 
6.48 -0.10 
6.49 -0.10 
6.50 -0.11 
6.51 -0.11 
6.52 -0.10 
6.53 -0.10 
6.54 -0.09 
6.55 -0.08 
6.56 -0.07 
6.57 -0.06 
6.58 -0.04 
6.59 -0.03 
6.60 -0.01 
6.61 0.01 
6.62 0.03 
6.63 0.05 
6.64 0.06 
6.65 0.08 
6.66 0.10 
6.67 0.12 
6.68 0.13 
6.69 0.15 
6.70 0.16 
6.71 0.17 
6.72 0.18 
6.73 0.19 
6.74 0.19 
6.75 0.19 
6.76 0.19 
6.77 0.19 
6.78 0.18 
6.79 0.17 
6.80 0.16 
6.81 0.15 
6.82 0.13 
6.83 0.12 
6.84 0.10 
6.85 0.08 
6.86 0.06 
6.87 0.05 
6.88 0.03 
6.89 0.01 
6.90 -0.01 
6.91 -0.03 
6.92 -0.04 
6.93 -0.06 
6.94 -0.07 
6.95 -0.08 
6.96 -0.09 
6.97 -0.10 
6.98 -0.10 
6.99 -0.11 
7.00 -0.11 
7.01 -0.10 
7.02 -0.10 
7.03 -0.10 
7.04 -0.09 
7.05 -0.09 
7.06 -0.09 
7.07 -0.08 
7.08 -0.08 
7.09 -0.08 
7.10 -0.08 
7.11 -0.07 
7.12 -0.07 
7.13 -0.07 
7.14 -0.07 
7.15 -0.07 
7.16 -0.06 
7.17 -0.06 
7.18 -0.06 
7.19 -0.06 
7.20 -0.06 
7.21 -0.06 
7.22 -0.06 
7.23 -0.06 
7.24 -0.06 
7.25 -0.06 
7.26 -0.06 
7.27 -0.06 
7.28 -0.06 
7.29 -0.06 
7.30 -0.06 
7.31 -0.06 
7.32 -0.06 
7.33 -0.06 
7.34 -0.06 
7.35 -0.07 
7.36 -0.07 
7.37 -0.07 
7.38 -0.07 
7.39 -0.07 
7.40 -0.08 
7.41 -0.08 
7.42 -0.08 
7.43 -0.08 
7.44 -0.09 
7.45 -0.09 
7.46 -0.09 
7.47 -0.10 
7.48 -0.10 
7.49 -0.10 
7.50 -0.11 
7.51 -0.11 
7.52 -0.10 
7.53 -0.10 
7.54 -0.09 
7.55 -0.08 
7.56 -0.07 
7.57 -0.06 
7.58 -0.04 
7.59 -0.03 
7.60 -0.01 
7.61 0.01 
7.62 0.03 
7.63 0.05 
7.64 0.06 
7.65 0.08 
7.66 0.10 
7.67 0.12 
7.68 0.13 
7.69 0.15 
7.70 0.16 
7.71 0.17 
7.72 0.18 
7.73 0.19 
7.74 0.19 
7.75 0.19 
7.76 0.19 
7.77 0.19 
7.78 0.18 
7.79 0.17 
7.80 0.16 
7.81 0.15 
7.82 0.13 
7.83 0.12 
7.84 0.10 
7.85 0.08 
7.86 0.06 
7.87 0.05 
7.88 0.03 
7.89 0.01 
7.90 -0.01 
7.91 -0.03 
7.92 -0.04 
7.93 -0.06 
7.94 -0.07 
7.95 -0.08 
7.96 -0.09 
7.97 -0.10 
7.98 -0.10 
7.99 -0.11 
8.00 -0.11 
8.01 -0.10 
8.02 -0.10 
8.03 -0.10 
8.04 -0.09 
8.05 -0.09 
8.06 -0.09 
8.07 -0.08 
8.08 -0.08 
8.09 -0.08 
8.10 -0.08 
8.11 -0.07 
8.12 -0.07 
8.13 -0.07 
8.14 -0.07 
8.15 -0.07 
8.16 -0.06 
8.17 -0.06 
8.18 -0.06 
8.19 -0.06 
8.20 -0.06 
8.21 -0.06 
8.22 -0.06 
8.23 -0.06 
8.24 -0.06 
8.25 -0.06 
8.26 -0.06 
8.27 -0.06 
8.28 -0.06 
8.29 -0.06 
8.30 -0.06 
8.31 -0.06 
8.32 -0.06 
8.33 -0.06 
8.34 -0.06 
8.35 -0.07 
8.36 -0.07 
8.37 -0.07 
8.38 -0.07 
8.39 -0.07 
8.40 -0.08 
8.41 -0.08 
8.42 -0.08 
8.43 -0.08 
8.44 -0.09 
8.45 -0.09 
8.46 -0.09 
8.47 -0.10 
8.48 -0.10 
8.49 -0.10 
8.50 -0.11 
8.51 -0.11 
8.52 -0.10 
8.53 -0.10 
8.54 -0.09 
8.55 -0.08 
8.56 -0.07 
8.57 -0.06 
8.58 -0.04 
8.59 -0.03 
8.60 -0.01 
8.61 0.01 
8.62 0.03 
8.63 0.05 
8.64 0.06 
8.65 0.08 
8.66 0.10 
8.67 0.12 
8.68 0.13 
8.69 0.15 
8.70 0.16 
8.71 0.17 
8.72 0.18 
8.73 0.19 
8.74 0.19 
8.75 0.19 
8.76 0.19 
8.77 0.19 
8.78 0.18 
8.79 0.17 
8.80 0.16 
8.81 0.15 
8.82 0.13 
8.83 0.12 
8.84 0.10 
8.85 0.08 
8.86 0.06 
8.87 0.05 
8.88 0.03 
8.89 0.01 
8.90 -0.01 
8.91 -0.03 
8.92 -0.04 
8.93 -0.06 
8.94 -0.07 
8.95 -0.08 
8.96 -0.09 
8.97 -0.10 
8.98 -0.10 
8.99 -0.11 
9.00 -0.11 
9.01 -0.10 
9.02 -0.10 
9.03 -0.10 
9.04 -0.09 
9.05 -0.09 
9.06 -0.09 
9.07 -0.08 
9.08 -0.08 
9.09 -0.08 
9.10 -0.08 
9.11 -0.07 
9.12 -0.07 
9.13 -0.07 
9.14 -0.07 
9.15 -0.07 
9.16 -0.06 
9.17 -0.06 
9.18 -0.06 
9.19 -0.06 
9.20 -0.06 
9.21 -0.06 
9.22 -0.06 
9.23 -0.06 
9.24 -0.06 
9.25 -0.06 
9.26 -0.06 
9.27 -0.06 
9.28 -0.06 
9.29 -0.06 
9.30 -0.06 
9.31 -0.06 
9.32 -0.06 
9.33 -0.06 
9.34 -0.06 
9.35 -0.07 
9.36 -0.07 
9.37 -0.07 
9.38 -0.07 
9.39 -0.07 
9.40 -0.08 
9.41 -0.08 
9.42 -0.08 
9.43 -0.08 
9.44 -0.09 
9.45 -0.09 
9.46 -0.09 
9.47 -0.10 
9.48 -0.10 
9.49 -0.10 
9.50 -0.11 
9.51 -0.11 
9.52 -0.10 
9.53 -0.10 
9.54 -0.09 
9.55 -0.08 
9.56 -0.07 
9.57 -0.06 
9.58 -0.04 
9.59 -0.03 
9.60 -0.01 
9.61 0.01 
9.62 0.03 
9.63 0.05 
9.64 0.06 
9.65 0.08 
9.66 0.10 
9.67 0.12 
9.68 0.13 
9.69 0.15 
9.70 0.16 
9.71 0.17 
9.72 0.18 
9.73 0.19 
9.74 0.19 
9.75 0.19 
9.76 0.19 
9.77 0.19 
9.78 0.18 
9.79 0.17 
9.80 0.16 
9.81 0.15 
9.82 0.13 
9.83 0.12 
9.84 0.10 
9.85 0.08 
9.86 0.06 
9.87 0.05 
9.88 0.03 
9.89 0.01 
9.90 -0.01 
9.91 -0.03 
9.92 -0.04 
9.93 -0.06 
9.94 -0.07 
9.95 -0.08 
9.96 -0.09 
9.97 -0.10 
9.98 -0.10 
9.99 -0.11 
10.00 -0.11 
